Entry ID,EU Message ID,[ DE Entry Name Pos.],[ DE Entry Name Size],DE Entry Name,[ ES Entry Name Pos.],[ ES Entry Name Size],ES Entry Name,[ FR Entry Name Pos.],[ FR Entry Name Size],FR Entry Name,[ GB Entry Name Pos.],[ GB Entry Name Size],GB Entry Name,PC Flags,[ V],[ A],[ F],[ D],[ E],[ G],Retail Price in %,Order by Prio.,EU Order by ABC,Purchase Price,Feat. 1 ID,[Feat. 1 Name],Pad. 1,Feat. 1 Value,Feat. 2 ID,[Feat. 2 Name],Pad. 2,Feat. 2 Value,Feat. 3 ID,[Feat. 3 Name],Pad. 3,Feat. 3 Value,Feat. 4 ID,[Feat. 4 Name],Pad. 4,Feat. 4 Value,Pad. 5,Pad. 6,[ DE Descr. Pos.],[ DE Descr. Size],DE Descr. Str.,[ ES Descr. Pos.],[ ES Descr. Size],ES Descr. Str.,[ FR Descr. Pos.],[ FR Descr. Size],FR Descr. Str.,[ GB Descr. Pos.],[ GB Descr. Size],GB Descr. Str.
160,0x802c6cbc,0x1d6aa,11,Juwel Ring,0x1d39e,15,Anillo de Gema,0x1d5d7,13,Gemme Sertie,0x1cd13,14,Gemstone Ring,0x3a,X,X,X,"",X,"",50,1,23,150,18,MagDef,0,21,-1,None,0,0,-1,None,0,0,-1,None,0,0,0,0,0x153d7,83,"Fein gearbeiter Ring, mit eingravierten Runen,\\ndie den Träger vor Magie schützen.",0x1502e,87,"Anillo finamente tallado, con jeroglíficos\\nque protegen contra el efecto de la Magia.",0x15017,95,Une bague finement travaillée avec des runes\\ngravées qui protègent l'utilisateur de la Magie.,0x14c6f,83,"A finely crafted ring engraved with runes,\\nthat protect the wearer against magic."
161,0x802c6ccc,0x1d6b5,15,Prophet's Sand,0x1d3ad,16,Arena Profética,0x1d5e4,15,Bague de Sable,0x1cd21,15,Prophet's Sand,0x3a,X,X,X,"",X,"",50,3,39,890,18,MagDef,0,63,-1,None,0,0,-1,None,0,0,-1,None,0,0,0,0,0x1542a,91,"Ring aus verzaubertem Sand, den man bei Moon\\nStones findet. Schützt den Träger vor Magie.",0x15085,79,Anillo de arena mágica procedente de\\nPiedras Lunares.Protege contra la Magia.,0x15076,94,Une bague créée avec du sable enchanté trouvé\\nprès des Pierres de Lune. Protège de la Magie.,0x14cc2,97,A ring created from enchanted sand found around\\nMoon Stones. Protects the wearer against Magic.
162,0x802c6cdc,0x1d6c4,17,Meditations Ring,0x1d3bd,14,Anillo Mágico,0x1d5f3,17,Bague Méditation,0x1cd30,16,Meditation Ring,0x3a,X,X,X,"",X,"",50,0,33,100,1,Will,0,8,-1,None,0,0,-1,None,0,0,-1,None,0,0,0,0,0x15485,82,Ring aus geflochtenen Zweigen verzauberter\\nBäume. Erhöht den Willen des Trägers.,0x150d4,73,Anillo entretejido con ramitas de árboles\\nmágicos. Aumenta la Voluntad.,0x150d4,91,Une bague fabriquée à partir d'un arbre magique\\nAccroît la Volonté de celui qui la porte.,0x14d23,85,A ring crafted from weaving the sprigs of magic\\ntrees. Increases the wearer's Will.
163,0x802c6cec,0x1d6d5,15,Mondstaub Ring,0x1d3cb,15,Anillo de Luna,0x1d604,17,Bague Poudrelune,0x1cd40,14,Moondust Ring,0x3a,X,X,X,"",X,"",50,4,35,1530,1,Will,0,48,-1,None,0,0,-1,None,0,0,-1,None,0,0,0,0,0x154d7,84,"Ring, der mit kleinen  Moon-Stone-Splittern\\nverziert ist. Erhöht die Willenskraft.",0x1511d,74,Anillo decorado con fragmentos de Piedras\\nLunares. Potencia la Voluntad.,0x1512f,85,Une bague décorée avec des petits morceaux de\\nPierres de Lune. Augmente la Volonté.,0x14d78,67,A ring decorated with tiny shards of Moon\\nStones. Increases Will.
164,0x802c6cfc,0x1d6e4,15,Liebenden-Ring,0x1d3da,17,Anillo del Amado,0x1d615,17,Bague des amants,0x1cd4e,13,Lover's Ring,0x3a,X,X,X,"",X,"",50,2,30,300,18,MagDef,0,12,1,Will,0,12,-1,None,0,0,-1,None,0,0,0,0,0x1552b,85,"Fein gearbeiteter Ring, der zwei Liebende\\nzeigt. Erhöht Magie-Resistenz und Willen.",0x15167,84,Anillo con la imagen de dos novios. Protege\\ncontra la Magia y aumenta la Voluntad.,0x15184,97,Bague finement travaillée représentant 2 amants\\nenlacés. Accroît Résistance Magique et Volonté.,0x14dbb,92,A finely crafted ring that depicts two lovers\\nembracing. Increases Magic Defense and Will.
165,0x802c6d0c,0x1d6f3,16,Jade Swirl Ring,0x1d3eb,15,Anillo de Jade,0x1d626,14,Bague de Jade,0x1cd5b,16,Jade Swirl Ring,0x3a,X,X,X,"",X,"",50,5,29,2960,18,MagDef,0,45,1,Will,0,45,-1,None,0,0,-1,None,0,0,0,0,0x15580,92,"Ring, der mit zwei Tropfen flüssiger Jade\\nverziert ist. Erhöht Magie-Resistenz und Willen.",0x151bb,81,Anillo con dos gotas de jade que protege\\ncontra la Magia y aumenta la Voluntad.,0x151e5,92,Bague décorée avec 2 gouttes de jade liquide.\\nAccroît la Résistance Magique et la Volonté.,0x14e17,83,A ring decorated with two drops of liquid jade.\\nIncreases Magic Defense and Will.
166,0x802c6d1c,0x1d703,11,Cupil Ring,0x1d3fa,13,Anillo Cupil,0x1d634,15,Bague du Cupil,0x1cd6b,11,Cupil Ring,0x8,"","",X,"","","",100,6,14,10000,49,Unconscious,0,-5,37,Silver,0,-5,18,MagDef,0,100,1,Will,0,100,0,0,0x155dc,95,"Ring, der Cupil ähnelt. Erhöht Spirit sowie\\nResistenz gegen Silber-Angriffe und Eterni-Magie.",0x1520c,88,Se parece a Cupil. Potencia el Espíritu.\\nResistente a Ataques de Plata y Magia Eterni.,0x15241,98,"Bague à l'image du Cupil. Augmente l'Esprit, la\\nRésistance aux Attaques d'Argent & Magie Eterni.",0x14e6a,97,"A ring that looks like Cupil. Boosts Spirit and\\nResistance to Silver Attacks, and Eterni Magic."
167,0x802c6d28,0x1d70e,12,Kriegerherz,0x1d407,15,Corazón Bélico,0x1d643,15,Coeur Guerrier,0x1cd76,16,Warrior's Heart,0x3a,X,X,X,"",X,"",100,7,59,10,77,Recover SP,0,2,-1,None,0,0,-1,None,0,0,-1,None,0,0,0,0,0x1563b,94,"Ein Ring mit leuchtendem Stein; erlaubt dem\\nBenutzer, während des Kampfes Spirit aufzuladen.",0x15264,83,Anillo con una gema brillante. Ayuda a\\nrecuperar el Espiritu durante la batalla. ,0x152a3,97,"Une bague avec une pierre brillante, qui permet\\nde récupérer de l'Esprit pendant les batailles.",0x14ecb,82,"A ring with a glowing gem, that allows the user\\nto recover Spirit during battle."
168,0x802c6d38,0x1d71a,17,Throkryn's Scale,0x1d416,14,Arma Throkryn,0x1d652,17,Écaille Throkryn,0x1cd86,17,Throkryn's Scale,0x35,X,X,"",X,"",X,50,8,55,300,16,Attack,0,10,-1,None,0,0,-1,None,0,0,-1,None,0,0,0,0,0x15699,75,Ein aus einem Throkryn hergestellter Waffentyp.\\nErhöht die Angriffskraft.,0x152b7,59,Arma modificada con Throkryn.\\nAumenta el poder de Ataque.,0x15304,87,"Une arme modifiée, fabriquée à l'aide d'un\\nThrokryn. Augmente la Puissance d'Attaque.",0x14f1d,66,A weapon modification made from a Throkryn.\\nRaises Attack Power.
169,0x802c6d4c,0x1d72b,17,Thryllak's Scale,0x1d424,14,Arma Thryllak,0x1d663,17,Écaille Thryllak,0x1cd97,17,Thryllak's Scale,0x35,X,X,"",X,"",X,50,9,56,2300,16,Attack,0,36,-1,None,0,0,-1,None,0,0,-1,None,0,0,0,0,0x156e4,94,"Schuppe eines Thryllak, ein Tier, noch tödlicher\\nals ein Throkryn. Erhöht die Angriffskraft.",0x152f2,87,"Escamas de Thryllak, animal más mortífero\\nque el Throkryn. Mejora el poder de Ataque.",0x1535b,98,"Écaille de Thryllak, animal bien plus dangereux\\nque le Throkryn. Accroît la Puissance d'Attaque.",0x14f5f,88,"A scale of a Thryllak, an animal even deadlier\\nthan the Throkryn. Raises Attack Power."
170,0x802c6d60,0x1d73c,16,Maroccas Schale,0x1d432,15,Concha Marocca,0x1d674,17,Bouclier Marocca,0x1cda8,16,Marocca's Shell,0x35,X,X,"",X,"",X,50,10,32,130,17,Defense,0,6,-1,None,0,0,-1,None,0,0,-1,None,0,0,0,0,0x15742,75,Panzer eines großen primitiven Krustentiers.\\nVerbessert die Verteidigung.,0x15349,70,Concha de un crustáceo primitivo de gran\\ntamaño. Aumenta la Defensa.,0x153bd,64,La coquille d'un grand crustacé primitif.\\nAméliore la Défense.,0x14fb7,62,The shell of a large primitive crustacean.\\nImproves Defense.
171,0x802c6d70,0x1d74c,16,Buroccas Schale,0x1d441,15,Concha Burocca,0x1d685,17,Bouclier Burocca,0x1cdb8,16,Burocca's Shell,0x35,X,X,"",X,"",X,50,11,6,1920,17,Defense,0,36,-1,None,0,0,-1,None,0,0,-1,None,0,0,0,0,0x1578d,85,"Schale eines Burocca, noch härter als das der\\nMorocca. Verbessert die Verteidigung.",0x1538f,78,"Concha de Burocca, aún más resistente\\nque la de Marocca. Aumenta la Defensa.",0x153fd,89,"La coquille d'un Burocca, encore plus dure que\\ncelle d'un Marocca. Améliore la Défense.",0x14ff5,81,"The shell of a Burocca, even harder than that\\nof the Marocca. Improves Defense."
172,0x802c6d80,0x1d75c,14,Crylhundklaue,0x1d450,16,Garra Crylhound,0x1d696,17,Griffe Crylhound,0x1cdc8,17,Crylhound's Claw,0x35,X,X,"",X,"",X,50,12,13,420,19,Hit%,0,20,16,Attack,0,2,-1,None,0,0,-1,None,0,0,0,0,0x157e2,91,"Eine Waffenart, wie sie von Valua-Soldaten\\nbenutzt wird. Verbessert Treffer% und Angriff.",0x153dd,88,Un arma modificada que usan los soldados\\nValuan. Aumenta % Aciertos y poder de Ataque.,0x15456,95,Arme modifiée des Soldats Valuans. Augmente les\\nchances de toucher et la Puissance d'Attaque.,0x15046,81,"A weapon modification used by Valuan Soldiers.\\nImproves Hit%, and Attack Power."
173,0x802c6d94,0x1d76a,10,Jägerhand,0x1d460,17,Mano del Cazador,0x1d6a7,17,Gant de Chasseur,0x1cdd9,14,Hunter's Hand,0x35,X,X,"",X,"",X,50,13,25,1010,19,Hit%,0,40,16,Attack,0,4,-1,None,0,0,-1,None,0,0,0,0,0x1583d,86,Panzerhandschuh der Ixa'takaner für die Jagd.\\nVerbessert Treffer% und Angriffskraft.,0x15435,86,Guante de caza de los hombres de Ixa'takan.\\nAumenta % de Aciertos y poder de Ataque.,0x154b5,90,Gant d'hommes Ixa'takans pour la chasse.\\nAugmente chances de toucher et Force d'Attaque.,0x15097,82,A gauntlet worn by Ixa'takan men while hunting. \\nImproves Hit% and Attack Power.
174,0x802c6da4,0x1d774,11,Diebesaura,0x1d471,16,Aura del Ladrón,0x1d6b8,15,Aura du Voleur,0x1cde7,13,Thief's Aura,0x3d,X,X,X,X,"",X,50,14,54,330,20,Dodge%,0,10,17,Defense,0,2,-1,None,0,0,-1,None,0,0,0,0,0x15893,83,"Ring mit schwarzem Stein, der Ausweichen und\\nVerteidigung des Trägers verbessert.",0x1548b,76,Anillo con una piedra negra que aumenta el\\npoder de Esquivar y la Defensa.,0x1550f,71,Une bague avec une pierre noire qui améliore\\nl'Esquive et la Défense.,0x150e9,74,A ring with a black stone that improves the\\nwearer's Dodge% and Defense.
175,0x802c6db4,0x1d77f,13,Quetya Feder,0x1d481,13,Pluma Quetya,0x1d6c7,16,Plume de Quetya,0x1cdf4,15,Quetya Feather,0x3d,X,X,X,X,"",X,50,15,40,810,20,Dodge%,0,20,17,Defense,0,4,-1,None,0,0,-1,None,0,0,0,0,0x158e6,94,"Federschmuck, dem die Macht des Quetya inne-\\nwohnt. Verbessert Ausweichen% und Verteidigung.",0x154d7,87,"Pluma decorativa con el poder de la Quetya,\\nmejora el poder de Esquivar y la Defensa.",0x15556,84,Une plume décorative dotée du pouvoir de Quetya.\\nAméliore l'Esquive et la Défense.,0x15133,86,A feather ornament imbued with the power of the\\nQuetya. Improves Dodge% and Defense.
176,0x802c6dc4,0x1d78c,14,Vigoros Kette,0x1d48e,17,Cadena de Vigoro,0x1d6d7,17,Chaîne de Vigoro,0x1ce03,15,Vigoro's Chain,0x25,X,"","",X,"",X,50,17,58,2890,16,Attack,0,20,19,Hit%,0,30,-1,None,0,0,-1,None,0,0,0,0,0x15944,81,"So, findet Vigoro, sollte Mode aussehen.\\nVerbessert Treffer% und Angriffskraft.",0x1552e,79,La idea de Vigoro de elegancia.\\nMejora el % de Aciertos y el poder de Ataque.,0x155aa,97,Vigoro présente sa vision de la mode. Améliore\\nles chances de toucher & la Puissance d'Attaque.,0x15189,71,Vigoro's idea of a fashion statement. Improves\\nHit% and Attack Power.
177,0x802c6dd4,0x1d79a,15,Matrosenschild,0x1d49f,14,Escudo Marino,0x1d6e8,15,Bouclier Marin,0x1ce12,17,Sailor's Buckler,0x37,X,X,"",X,X,X,50,18,43,1930,17,Defense,0,20,20,Dodge%,0,15,-1,None,0,0,-1,None,0,0,0,0,0x15995,89,"Kleiner, leichter Schild, das Matrosen tragen.\\nVerbessert Ausweichen% und Verteidigung.",0x1557d,84,Escudo pequeño y ligero de los marinos.\\nAumenta el poder de Esquivar y la Defensa.,0x1560b,81,Un petit bouclier léger porté par les marins.\\nAméliore l'Esquive et la Défense.,0x151d0,73,"A light, but small shield worn by sailors.\\nImproves Dodge% and Defense."
178,0x802c6de8,0x1d7a9,12,Kriegerrune,0x1d4ad,15,Engarce Bélico,0x1d6f7,17,Rune du Guerrier,0x1ce23,15,Warrior's Rune,0x39,X,X,X,"","",X,100,19,60,10,16,Attack,0,10,17,Defense,0,10,19,Hit%,0,20,20,Dodge%,0,10,0,0,0x159ee,96,"Ring mit mystischen Gravierungen. Verstärkt An-\\ngriff, Verteidigung, Treffer% und Ausweichen%.",0x155d1,90,"Anillo con engarces misticos. Mejora poder\\nde Ataque, Defensa, % de Aciertos y Esquivez.",0x1565c,73,Une bague aux gravures mystiques. Accroît tous\\nles attributs de combat.,0x15219,82,"A ring with mystic engravings. Increases Attack\\nPower, Defense, Hit% and Dodge%."
179,0x802c6df8,0x1d7b5,16,Alter Armschutz,0x1d4bc,17,Tónico Ancestral,0x1d708,16,Potion Ancienne,0x1ce32,15,Ancient Bracer,0x35,X,X,"",X,"",X,100,20,0,10,16,Attack,0,20,17,Defense,0,20,19,Hit%,0,40,20,Dodge%,0,20,0,0,0x15a4e,94,"Armschutz der alten Gladiatoren. Verbessert\\nAngriff, Verteidigung, Treffer% und Ausweichen%.",0x1562b,90,"Tónico usado por gladiadores. Mejora poder\\nde Ataque, Defensa, % de Aciertos y Esquivez.",0x156a5,86,Remontant utilisé par les anciens gladiateurs.\\nAccroît tous les attributs de combat.,0x1526b,87,"A bracer used by ancient gladiators. Improves\\nAttack Power, Defense, Hit% and Dodge%."
180,0x802c6e08,0x1d7c5,15,Gegenarmschutz,0x1d4cd,16,Tónico Ofensivo,0x1d718,17,Potion de combat,0x1ce41,15,Counter Bracer,0x35,X,X,"",X,"",X,100,21,10,10,73,Counter%,0,20,16,Attack,0,20,19,Hit%,0,20,-1,None,0,0,0,0,0x15aac,92,"Geringe Verbesserung physischer Attribute, sowie\\nGegenangriff, Angriffskraft und Treffer%.",0x15685,90,"Mejora los atributos físicos y aumenta el\\nContraataque, poder de Ataque y % de Aciertos.",0x156fb,92,"Améliore les attributs physiques, la Contre-\\nattaque, la Puissance d'Attaque et la Frappe.",0x152c2,92,"Improves physical attributes slightly, as well\\nas Counterattacking, Attack Power and Hit%."
181,0x802c6e18,0x1d7d4,11,Abwehraura,0x1d4dd,15,Aura Defensiva,0x1d729,15,Aura Défensive,0x1ce50,15,Defensive Aura,0x3f,X,X,X,X,X,X,100,22,15,10,65,Block Attack,0,1,17,Defense,0,40,-1,None,0,0,-1,None,0,0,0,0,0x15b08,92,Macht den Träger unverwundbar gegen normale\\nAngriffe und verbessert auch die Verteidigung.,0x156df,84,Quien la lleva se hace invulnerable a\\nAtaques normales. También mejora la Defensa.,0x15757,88,"Rend son utilisateur invulnérable aux Attaques\\nnormales, et améliore aussi la Défense.",0x1531e,82,"Renders the wearer invulnerable to normal\\nAttacks, and improves Defense as well."
182,0x802c6e28,0x1d7df,9,Efeuband,0x1d4ec,13,Banda de Ivy,0x1d738,16,Bague de Lierre,0x1ce5f,9,Ivy Band,0x3f,X,X,X,X,X,X,100,23,28,100,48,Poison,0,-10,32,Green,0,-2,17,Defense,0,5,18,MagDef,0,5,0,0,0x15b64,87,"Boosts Defense & Magic Defense, especially to\\nGreen Magic, & protects against Poison.",0x15733,85,"Hace invulnerable al Veneno, mejora Defensa y\\nResistencia a Magia y Ataques Verdes.",0x157af,96,Rend invulnérable au Poison. Améliore Défense\\net Résistance à la Magie et aux Attaques Vertes.,0x15370,87,"Boosts Defense & Magic Defense, especially to\\nGreen Magic, & protects against Poison."
183,0x802c6e34,0x1d7e8,13,Silvite Ring,0x1d4f9,15,Anillo Silvite,0x1d748,14,Bague Silvite,0x1ce68,13,Silvite Ring,0x3f,X,X,X,X,X,X,100,30,47,100,49,Unconscious,0,-10,37,Silver,0,-2,17,Defense,0,5,18,MagDef,0,5,0,0,0x15bbb,90,"Unverwundbarkeit gegen Eterni, verbessert\\nAbwehr, Magie-Resistenz und silberne Angriffe.",0x15788,87,Inmuniza contra el Eterni y aumenta Defensa\\ny Resistencia a Magia y Ataques de Plata.,0x1580f,93,Invulnérabilité à Eterni. Améliore Défense\\n& Résistance à la Magie & aux Attaques d'Argent.,0x153c7,87,"Boosts Defense & Magic Defense, especially to\\nSilver Magic, & protects against Death."
184,0x802c6e44,0x1d7f5,16,Gem of Fluidity,0x1d508,16,Gema de Fluidez,0x1d756,14,Pierre Fluide,0x1ce75,16,Gem of Fluidity,0x3f,X,X,X,X,X,X,100,29,21,100,50,Stone,0,-10,17,Defense,0,10,18,MagDef,0,10,-1,None,0,0,0,0,0x15c15,73,"Macht immun gegen Versteinerung,\\nverbessert Abwehr und Magie-Resistenz.",0x157df,81,Inmuniza contra la Petrificación y aumenta\\nla Defensa y Resistencia a la Magia.,0x1586c,82,"Rend invulnérable à la Pétrification,\\naméliore Défense et Résistance à la Magie.",0x1541e,59,"Boosts Defense & Magic Defense, & protects\\nagainst Stone."
185,0x802c6e54,0x1d805,14,Wind Gem Ring,0x1d518,15,Gema de Viento,0x1d764,15,Pierre de Vent,0x1ce85,14,Wind Gem Ring,0x3f,X,X,X,X,X,X,100,24,62,100,51,Sleep,0,-10,35,Blue,0,-2,17,Defense,0,5,18,MagDef,0,5,0,0,0x15c5e,82,"Macht immun gegen Schlaf, verbessert\\nAbwehr, Magie-Resistenz und blaue Angriffe.",0x15830,85,"Inmuniza contra el Sueño y mejora Defensa,\\nResistencia a la Magia y Ataques Azules.",0x158be,97,Rend invulnérable au Sommeil. Améliore Défense\\net Résistance à la Magie et aux Attaques Bleues.,0x15459,85,"Boosts Defense & Magic Defense, especially to\\nBlue Magic, & protects against Sleep."
186,0x802c6e64,0x1d813,14,Wahrheitsauge,0x1d527,17,Ojo de la Verdad,0x1d773,15,Oeil de Vérité,0x1ce93,13,Eye of Truth,0x3f,X,X,X,X,X,X,100,25,18,100,52,Confusion,0,-10,34,Purple,0,-2,17,Defense,0,5,18,MagDef,0,5,0,0,0x15cb0,87,"Macht immun gegen Verwirrung, verbessert\\nAbwehr, Magie-Resistenz und Purpur-Angriffe.",0x15885,88,"Protege contra la Confusión, mejora Defensa\\ny Resistencia a Ataques Mágicos y Púrpura.",0x1591f,99,Invulnérabilité à la Confusion & accroît Défense\\net Résistance à la Magie et aux Attaques Mauves.,0x154ae,91,"Boosts Defense & Magic Defense, especially to\\nPurple Magic, & protects against Confusion."
187,0x802c6e74,0x1d821,16,Verehrte Stimme,0x1d538,17,Voz Reverenciada,0x1d782,13,Voix vénérée,0x1cea0,14,Revered Voice,0x3f,X,X,X,X,X,X,100,26,42,100,53,Silence,0,-10,34,Purple,0,-2,17,Defense,0,5,18,MagDef,0,5,0,0,0x15d07,83,"Macht immun gegen Stille, verbessert Abwehr,\\nMagie-Resistenz und Purpur-Angriffe.",0x158dd,88,"Inmuniza contra el Silencio, mejora Defensa\\ny Resistencia a Ataques Mágicos y Púrpura.",0x15982,97,Rend invulnérable au Silence & accroît Défense\\net Résistance à la Magie et aux Attaques Mauves.,0x15509,89,"Boosts Defense & Magic Defense, especially to\\nPurple Magic, & protects against Silence."
188,0x802c6e84,0x1d831,15,Ewigkeitsjuwel,0x1d549,12,Gema Eterna,0x1d78f,17,Pierre Éternelle,0x1ceae,16,Everlasting Gem,0x3f,X,X,X,X,X,X,100,28,17,100,54,Fatigue,0,-10,17,Defense,0,10,18,MagDef,0,10,-1,None,0,0,0,0,0x15d5a,68,"Macht immun gegen Ermüdung, verbessert\\nAbwehr und Magie-Resistenz.",0x15935,80,Hace invulnerable a la Fatiga y mejora la\\nDefensa y la Resistencia a la Magia.,0x159e3,84,Rend invulnérable à la Fatigue et améliore\\nla Défense et la Résistance à la Magie.,0x15562,62,"Boosts Defense & Magic Defense, & protects\\nagainst Fatigue. "
189,0x802c6e94,0x1d840,16,Behemoth's Ring,0x1d555,16,Anillo Behemoth,0x1d7a0,15,Bague Behemoth,0x1cebe,16,Behemoth's Ring,0x3f,X,X,X,X,X,X,100,27,2,100,56,Weak,0,-10,36,Yellow,0,-2,17,Defense,0,5,18,MagDef,0,5,0,0,0x15d9e,84,"Macht immun gegen Schwäche, verbessert\\nAbwehr, Magie-Resistenz und gelbe Angriffe.",0x15985,87,"Protege contra Debilidad, mejora Defensa y\\nResistencia a Ataques Mágicos y Amarillos.",0x15a37,99,Invulnérabilité à la Faiblesse & accroît Défense\\net Résistance à la Magie et aux Attaques Jaunes.,0x155a0,86,"Boosts Defense & Magic Defense, especially to\\nYellow Magic, & protects against Weak."
190,0x802c6ea4,0x1d850,17,Constitution Gem,0x1d565,14,Gema Integral,0x1d7af,15,Pierre Miracle,0x1cece,17,Constitution Gem,0x3f,X,X,X,X,X,X,100,31,9,1000,79,Block Neg. States,0,-10,17,Defense,0,10,18,MagDef,0,10,-1,None,0,0,0,0,0x15df2,96,"Wunderbarer Stein, der alle negativen Effekte\\nverhindert, steigert Abwehr und Magie-Resistenz.",0x159dc,85,Diamante que anula todo efecto adverso y\\npotencia Defensa y Resistencia a la Magia.,0x15a9a,99,Pierre miraculeuse empêchant les effets néfastes\\net accroissant Défense et Résistance à la Magie.,0x155f6,91,"A miraculous stone that prevents all adverse\\neffects, and boosts Defense & Magic Defense."
191,0x802c6eb8,0x1d861,16,Nomadenschleier,0x1d573,12,Velo Nómada,0x1d7be,16,Voile Nomadique,0x1cedf,13,Nomadic Veil,0x3f,X,X,X,X,X,X,50,34,37,640,17,Defense,0,9,18,MagDef,0,9,-1,None,0,0,-1,None,0,0,0,0,0x15e52,87,"Schleier, von Nomadenstämmen in Nasr getragen.\\nVerbessert Abwehr und Magie-Resistenz.",0x15a31,84,Velo que usan las tribus nómadas de Nasr.\\nMejora Defensa y Resistencia a la Magia.,0x15afd,89,Un voile porté par les tribus nomades à Nasr.\\nAccroît Défense et Résistance à la Magie.,0x15651,78,A veil worn by tribes of nomads in Nasr.\\nImproves Defense and Magic Defense.
192,0x802c6ec8,0x1d871,12,Radiant Fur,0x1d57f,15,Visón Radiante,0x1d7ce,15,Belle Fourrure,0x1ceec,12,Radiant Fur,0x3f,X,X,X,X,X,X,50,39,41,3580,17,Defense,0,24,18,MagDef,0,24,-1,None,0,0,-1,None,0,0,0,0,0x15ea9,91,"Dicker Pelz, der Matrosen vor Kälte schützen\\nsoll. Verbessert Abwehr und Magie-Resistenz.",0x15a85,83,Grueso abrigo de piel de los marinos.\\nMejora la Defensa y Resistencia a la Magia.,0x15b56,95,Fourrure épaisse pour protéger les marins du\\nfroid. Accroît Défense et Résistance à la Magie.,0x1569f,94,"A thick fur, designed to protect sailors from \\nthe cold. Improves Defense and Magic Defense."
193,0x802c6ed4,0x1d87d,14,Sandsturmring,0x1d58e,16,Anillo de Arena,0x1d7dd,16,Bague du Désert,0x1cef8,16,Sand Storm Ring,0x3f,X,X,X,X,X,X,50,35,44,770,16,Attack,0,9,1,Will,0,9,-1,None,0,0,-1,None,0,0,0,0,0x15f04,90,"Verzauberter Ring, von Nomaden in der Wüste\\ngetragen. Verbessert Angriffskraft & Willen.",0x15ad8,85,Anillo encantado usado por nómadas del desierto.\\nMejora Poder de Ataque y Voluntad.,0x15bb5,90,Bague enchantée portée par les nomades du\\ndésert. Améliore Pouvoir d'Attaque et Volonté.,0x156fd,74,An enchanted ring worn by desert nomads.\\nImproves Attack Power and Will.
194,0x802c6ee4,0x1d88b,13,Schädelkappe,0x1d59e,15,Gorra Calavera,0x1d7ed,14,Chapeau Crâne,0x1cf08,10,Skull Cap,0x3f,X,X,X,X,X,X,50,40,48,4300,16,Attack,0,24,1,Will,0,24,-1,None,0,0,-1,None,0,0,0,0,0x15f5e,90,"Hut, manchmal von Luftpiraten aus dem Osten\\ngetragen. Verbessert Angriffskraft & Willen.",0x15b2d,84,Gorra exclusiva de los Piratas Aéreos del\\nEste. Mejora poder de Ataque y Voluntad.,0x15c0f,89,Chapeau original que les Pirates de l'Est\\nportent parfois. Améliore Attaque et Volonté.,0x15747,83,A unique hat sometimes worn by Eastern Air\\nPirates. Improves Attack Power & Will.
195,0x802c6ef0,0x1d898,12,Magierfluch,0x1d5ad,17,Conjuro del Mago,0x1d7fb,14,Fléau du Mage,0x1cf12,12,Mage's Bane,0x3f,X,X,X,X,X,X,50,33,31,480,17,Defense,0,4,18,MagDef,0,4,16,Attack,0,4,1,Will,0,4,0,0,0x15fb8,76,"Helm, der Angriff, Abwehr, Willen und Magie-\\nResistenz des Trägers erhöht.",0x15b81,89,"Casco que mejora el poder de Ataque, Voluntad\\ny Resistencia a la Magia de quien lo usa.",0x15c68,77,"Un casque qui augmente Attaques, Défense,\\nVolonté et Résistance à la Magie.",0x1579a,76,"A helm that increases the wearer's Attack,\\nDefense,Will,and Magic Defense."
196,0x802c6efc,0x1d8a4,17,Blue Rogue Patch,0x1d5be,14,Parche Pirata,0x1d809,16,Cache du Voleur,0x1cf1e,17,Blue Rogue Patch,0x3f,X,X,X,X,X,X,50,41,5,6820,17,Defense,0,18,18,MagDef,0,18,16,Attack,0,18,1,Will,0,18,0,0,0x16004,97,"Wird getragen, um Entschlusskraft zu zeigen. Ver\\n-bessert Angriffe, Willen und Magie-Resistenz.",0x15bda,82,"Indica decisión. Mejora los Ataques,\\nDefensa, Voluntad y Resistencia a la Magia.",0x15cb5,92,"Montre une grande détermination. Améliore\\nAttaques, Défense, Volonté & Résistance Magique.",0x157e6,87,"Can be worn to show determination. Improves\\nAttacks, Defense, Will and Magic Defense."
197,0x802c6f10,0x1d8b5,11,Mörderring,0x1d5cc,15,Anillo Asesino,0x1d819,17,Bague d'Assassin,0x1cf2f,14,Assassin Ring,0x3f,X,X,X,X,X,X,50,36,1,3200,80,First Strike%,0,40,19,Hit%,0,40,-1,None,0,0,-1,None,0,0,0,0,0x16065,91,Ein in Nasr gefertigter Ring. Erhöht Wahrschein-\\nlichkeit eines Erstschlags und Treffer%.,0x15c2c,78,Anillo hecho en Nasr. Aumenta las probabilidades\\nde Primer Golpe y Aciertos.,0x15d11,78,Une bague fabriquée à Nasr. Augmente\\nl'initiative et les chances de toucher.,0x1583d,72,"A ring crafted in Nasr. Improves chances for\\na First Strike, and Hit%."
198,0x802c6f20,0x1d8c0,13,Stealth Ring,0x1d5db,16,Anillo Sigiloso,0x1d82a,14,Bague Furtive,0x1cf3d,13,Stealth Ring,0x3f,X,X,X,X,X,X,50,37,51,3000,81,PC Run%,0,100,4,Quick,0,10,20,Dodge%,0,10,-1,None,0,0,0,0,0x160c0,81,"Ring, der Geschicklichkeit und Ausweichen%\\nverbessert. Man entkommt fast immer.",0x15c7a,82,Anillo que aumenta Agilidad y Esquivez.\\nLa mayor parte de las veces puedes huir.,0x15d5f,89,Une bague qui améliore Agilité et Esquive. Vous\\npouvez vous enfuir la plupart du temps.,0x15885,90,"A ring that improves Agile and Dodge%. In\\nmost cases, you can run away 100% of the time."
199,0x802c6f30,0x1d8cd,11,Dhabu Haut,0x1d5eb,12,Cuero Dhabu,0x1d838,14,Cuir de Dhabu,0x1cf4a,11,Dhabu Hide,0x3f,X,X,X,X,X,X,50,38,16,2800,4,Quick,0,50,-1,None,0,0,-1,None,0,0,-1,None,0,0,0,0,0x16111,61,"Zusammengefaltetes Stück Dhabu-Leder, als Panzer\\nverwendet.",0x15ccc,69,Una pieza de cuero Dhabu envejecido\\nque hace las veces de armadura.,0x15db8,67,"Un morceau de cuir plié et traité de Dhabu,\\nutilisé comme armure.",0x158df,54,"A folded piece of cured Dhabu hide, used as a\\narmor."
200,0x802c6f3c,0x1d8d8,14,Ominöse Maske,0x1d5f7,16,Máscara Ominosa,0x1d846,16,Masque sinistre,0x1cf55,13,Ominous Mask,0x25,X,"","",X,"",X,50,42,38,4760,68,Reduce SP,0,1,16,Attack,0,75,17,Defense,0,75,-1,None,0,0,0,0,0x1614e,87,"Verstärkt Angriff und Abwehr gewaltig,\\naber reduziert den Spirit der Gruppe auf Null.",0x15d11,85,"Potencia el poder de Ataque y la Defensa,\\npero reduce a cero el Espíritu del Grupo.",0x15dfb,80,Augmente Puissance d'Attaque et Défense mais\\nreduit l'Esprit du groupe à zéro.,0x15915,90,"Gives a large boost to Attack Power and Defense,\\nbut reduces the party's Spirit to zero."
201,0x802c6f4c,0x1d8e6,10,Flitzband,0x1d607,16,Cinta Encantada,0x1d856,12,Ruban Flash,0x1cf62,13,Flash Ribbon,0x1d,"",X,X,X,"",X,50,43,19,60,4,Quick,0,2,-1,None,0,0,-1,None,0,0,-1,None,0,0,0,0,0x161a5,52,"Verzaubertes Band, das Aikas Schnelligkeit\\nerhöht.",0x15d66,52,Una cinta encantada que mejora la Rapidez\\nde Aika.,0x15e4b,51,Ruban enchanté qui améliore la Rapidité d'Aika.\\n ,0x1596f,49,An enchanted Ribbon that improves Aika's\\nQuick.
202,0x802c6f5c,0x1d8f0,17,Unsichtbare Hand,0x1d617,15,Mano Invisible,0x1d862,15,La Main Cachée,0x1cf6f,16,The Unseen Hand,0x1d,"",X,X,X,"",X,50,44,52,2960,4,Quick,0,30,20,Dodge%,0,5,-1,None,0,0,-1,None,0,0,0,0,0x161d9,83,"Zauberspruch, der den Krieger schneller\\nattackieren und Feinden ausweichen lässt.",0x15d9a,85,Hechizo que da al guerrero el poder de un\\nAtaque más rápido y de evitar al enemigo.,0x15e7e,93,Enchantement qui permet à un guerrier d'Attaquer\\net d'esquiver plus rapidement les ennemis.,0x159a0,76,"An enchantment that enables a warrior to Attack\\nfaster, and avoid enemies."
203,0x802c6f6c,0x1d901,16,Halbmondamulett,0x1d626,14,Amuleto Lunar,0x1d871,17,Amulette Lunaire,0x1cf7f,16,Crescent Amulet,0x1d,"",X,X,X,"",X,50,45,11,5710,4,Quick,0,19,17,Defense,0,28,18,MagDef,0,28,-1,None,0,0,0,0,0x1622c,99,"Magisches Amulett in Form eines Halbmondes. Ver-\\nbessert Schnelligkeit, Abwehr & Magie-Resistenz.",0x15def,86,"Amuleto en forma de media luna que mejora\\nRapidez, Defensa y Resistencia a la Magia.",0x15edb,99,"Amulette magique, en forme de Croissant de Lune.\\nAccroît Rapidité, Défense et Résistance Magique.",0x159ec,92,"A magic amulet, in the form of a Crescent Moon.\\nImproves Quick, Defense and Magic Defense."
204,0x802c6f7c,0x1d911,15,Fernzielbrille,0x1d634,9,Anteojos,0x1d882,14,Lunettes Zoom,0x1cf8f,16,Skyseer Goggles,0x30,X,X,"","","","",50,46,49,40,19,Hit%,0,5,-1,None,0,0,-1,None,0,0,-1,None,0,0,0,0,0x1628f,76,"Fliegerbrille, die entfernte Ziele näher bringen\\nkann. Verbessert Treffer.",0x15e45,90,Un par de anteojos que acercan el objetivo\\nde un blanco distante. Mejoran % de Aciertos.,0x15f3e,94,Paire de lunettes pouvant zoomer sur des cibles\\nlointaines. Améliore les chances de toucher.,0x15a48,71,A pair of goggles that can zoom in on distant\\ntargets. Improves Hit%.
205,0x802c6f8c,0x1d920,11,Nachtsicht,0x1d63d,16,Visión nocturna,0x1d890,16,Vision Nocturne,0x1cf9f,16,Nocturnal Sight,0x30,X,X,"","","","",50,47,36,1930,19,Hit%,0,60,16,Attack,0,6,-1,None,0,0,-1,None,0,0,0,0,0x162db,69,"Verzauberung, die es dem Kämpfer erlaubt, nachts\\nZiele auszumachen.",0x15e9f,71,Encantamiento que permite al combatiente\\ndetectar objetivos de noche.,0x15f9c,71,Enchantement qui permet au combattant de\\ndétecter des cibles la nuit.,0x15a8f,66,An enchantment that allows a fighter to detect\\ntargets at night.
206,0x802c6f9c,0x1d92b,17,Kritischer Blick,0x1d64d,15,Visión Critica,0x1d8a0,16,Vision Critique,0x1cfaf,16,Critical Vision,0x30,X,X,"","","","",50,48,12,6660,19,Hit%,0,50,16,Attack,0,19,1,Will,0,19,-1,None,0,0,0,0,0x16320,86,"Verzauberung, die es dem Kämpfer erlaubt, die\\nSchwachpunkte des Feindes zu erkennen.",0x15ee6,89,Un encantamiento que permite al combatiente \\ndetectar los puntos débiles de un enemigo.,0x15fe3,83,Enchantement qui permet au combattant de\\ndétecter les points faibles d'un ennemi.,0x15ad1,72,An enchantment that allows a fighter to detect\\nan enemy's weak points.
207,0x802c6fac,0x1d93c,15,Reinheitsjuwel,0x1d65c,10,Gema Pura,0x1d8b0,16,Gemme de Pureté,0x1cfbf,14,Gem of Purity,0x5,"","","",X,"",X,50,49,22,300,79,Block Neg. States,0,-3,17,Defense,0,8,-1,None,0,0,-1,None,0,0,0,0,0x16376,95,"Verzauberter Edelstein, beschützt den Träger.\\nErhöht Abwehr und Resistenz gegen neg. Effekte.",0x15f3f,81,"Gema encantada que protege, mejora la\\nDefensa y Resistencia a Efectos Adversos.",0x16036,92,Pierre précieuse enchantée qui protège. Accroît\\nDéfense et Résistance aux Effets Néfastes.,0x15b19,92,An enchanted gem that protects the bearer.\\nBoosts Defense & Resistance to Adverse Effects.
208,0x802c6fbc,0x1d94b,17,Reinheitsscherbe,0x1d666,12,Casco Lunar,0x1d8c0,17,Pierre de Pureté,0x1cfcd,16,Shard of Purity,0x5,"","","",X,"",X,50,51,45,4760,79,Block Neg. States,0,-9,17,Defense,0,38,-1,None,0,0,-1,None,0,0,0,0,0x163d5,94,"Verzauberte Mondscherbe, die den Träger vor\\nnegativen Effekten schützt und Abwehr verstärkt.",0x15f90,87,Casco lunar encantado que protege al que lo\\nusa de Efectos Adversos y mejora Defensa.,0x16092,82,Morceau de Lune enchanté qui protège des effets\\nNéfastes et améliore la Défense.,0x15b75,94,"An enchanted Moon Shard that protects the wearer\\nfrom Adverse Effects, and improves Defense."
209,0x802c6fcc,0x1d95c,11,Glücksring,0x1d672,15,Anillo Fortuna,0x1d8d1,17,Bague de Fortune,0x1cfdd,13,Fortune Ring,0x18,"",X,X,"","","",50,16,20,2860,20,Dodge%,0,100,17,Defense,0,8,-1,None,0,0,-1,None,0,0,0,0,0x16433,98,"Mysteriöser Ring, der es dem Träger ermöglicht,\\nnormale Angriffe zu vermeiden. Verstärkt Abwehr.",0x15fe7,86,Misterioso anillo que protege de la mayoría\\nde Ataques normales y mejora la Defensa.,0x160e4,94,Bague mystérieuse qui permet d'éviter la plupart\\ndes Attaques normales. Améliore la Défense.,0x15bd3,90,A mysterious ring that allows the wearer to\\navoid most normal Attacks. Improves Defense.
210,0x802c6fdc,0x1d967,15,Schwarze Karte,0x1d681,11,Mapa Negro,0x1d8e2,12,Carte Noire,0x1cfea,10,Black Map,0x20,X,"","","","","",100,56,4,777,84,Random Encounter%,0,100,80,First Strike%,0,25,82,???,0,0,83,EC Run%,0,0,0,0,0x16495,90,Karte - führt feindliche Kreaturen zum Besitzer.\\nErhöht außerdem Chancen für Erstschlag.,0x1603d,98,Mapa que guía a seres enemigos hacia el poseedor.\\nAdemás mejora la posibilidad de Primer Golpe. ,0x16142,76,Force mystique qui attire les créatures ennemies\\net augmente l'initiative.,0x15c2d,89,A map that leads enemy creatures to the holder.\\nAlso improves chances for First Strike.
211,0x802c6fe8,0x1d976,12,Weiße Karte,0x1d68c,12,Mapa Blanco,0x1d8ee,14,Carte Blanche,0x1cff4,10,White Map,0x20,X,"","","","","",100,57,61,666,84,Random Encounter%,0,5,80,First Strike%,0,0,82,???,0,0,81,PC Run%,0,100,0,0,0x164ef,79,"Karte - führt Besitzer von Feinden weg.\\nErhöht außerdem Chancen, wegzulaufen.",0x1609f,88,Mapa que guía al poseedor lejos de los enemigos.\\nAdemás mejora la posibilidad de huir.,0x1618e,89,Force mystique qui repousse les créatures\\nennemies et augmente les chances de s'enfuir.,0x15c86,87,A map that leads the holder away from enemies.\\nAlso improves chances of running away.
212,0x802c6ff4,0x1d982,12,Kapitänshut,0x1d698,17,Gorra de Capitán,0x1d8fc,13,Chapeau cpt.,0x1cffe,14,Captain's Hat,0x20,X,"","","","","",100,61,7,10,16,Attack,0,80,-1,None,0,0,-1,None,0,0,-1,None,0,0,0,0,0x1653e,99,"Ein Hut, der über Generationen von nasrianischen\\nLuftpiraten vererbt wurde. Erhöht Angriffskraft.",0x160f7,90,Gorra transmitida por generaciones de Piratas\\nAéreos de Nasr. Mejora el poder de ataque.,0x161e7,97,Chapeau transmis par des générations de pirates\\nde l'air Nasrean. Augmente puissance d'attaque.,0x15cdd,93,A hat passed down through generations of Nasrian\\nAir Pirates. Boosts wearer's attack power.
213,0x802c7004,0x1d98e,19,Maschenstrumpfhose,0x1d6a9,16,Medias de Malla,0x1d909,15,Collants filet,0x1d00c,12,Mesh Tights,0x10,"",X,"","","","",100,62,34,10,16,Attack,0,40,1,Will,0,40,-1,None,0,0,-1,None,0,0,0,0,0x165a1,86,Wurde Aika von einem geheimen Verehrer\\ngegeben. Verbessert Angriffskraft und Willen.,0x16151,94,Se la regaló a Aika un admirador secreto. Mejora\\nel poder de ataque y la fuerza de voluntad.,0x16248,88,Donnés à Aika par un admirateur secret.\\nAugmente la puissance d'attaque et la volonté.,0x15d3a,81,Given to Aika by a secret admirer.\\nImproves the wearer's Attack Power and Will.
214,0x802c7010,0x1d9a1,12,Augenklappe,0x1d6b9,13,Parche Negro,0x1d918,16,Cache-oeil Noir,0x1d018,15,Black Eyepatch,0x25,X,"","",X,"",X,100,52,3,10,16,Attack,0,7,-1,None,0,0,-1,None,0,0,-1,None,0,0,0,0,0x165f7,85,Drachmas alte Augenklappe aus der Haut eines\\nwilden Tiers. Verstärkt Angriffskraft.,0x161af,89,"Parche de cuero de Drachma, hecho con cuero\\nde animal salvaje. Aumenta poder de Ataque.",0x162a0,96,"Vieux cache-oeil en cuir de Drachma, en peau de\\nbête sauvage. Augmente la Puissance d'Attaque.",0x15d8b,93,"Drachma's old leather eyepatch, made from the\\nhide of a wild beast. Increases Attack Power."
215,0x802c7020,0x1d9ad,15,Silberschleier,0x1d6c6,14,Velo de Plata,0x1d928,15,Voile d'Argent,0x1d027,12,Silver Veil,0x18,"",X,X,"","","",100,53,46,100,1,Will,0,16,18,MagDef,0,16,-1,None,0,0,-1,None,0,0,0,0,0x1664c,97,"Mystischer Schleier, der Finas Kopf abschirmt.\\nSilberfäden verstärken Willen u. Magieresistenz.",0x16208,86,Velo místico de Fina. Sus hilos de plata\\naumentan Voluntad y Resistencia a la Magia.,0x16300,92,Voile mystique protègeant Fina. Les fils\\nd'argent augmentent Volonté & Résistance Magique.,0x15de8,89,A mystic veil that protects the head. The\\nsilver strands increase Will & Magic Defense.
216,0x802c702c,0x1d9bc,13,Kaiserwappen,0x1d6d4,17,Penacho Imperial,0x1d937,16,Blason Impérial,0x1d033,15,Imperial Crest,0x2,"","","","",X,"",100,55,27,1000,17,Defense,0,20,18,MagDef,0,20,-1,None,0,0,-1,None,0,0,0,0,0x166ad,85,Zum Schutz von Mitgliedern der Kaiserfamilie.\\nVerstärkt Abwehr und Magie-Resistenz.,0x1625e,88,Protege a los miembros de la Familia Real.\\nMejora la Defensa y Resistencia a la Magia.,0x1635c,95,Protège les membres de la Famille Impériale.\\nAméliore la Défense et la Résistance à la Magie.,0x15e41,83,Given to protect members of the Royal Family.\\nImproves Defense and Magic Defense.
217,0x802c703c,0x1d9c9,16,Gilders Amulett,0x1d6e5,15,Amuleto Gilder,0x1d947,16,Amulette Gilder,0x1d042,16,Gilder's Amulet,0x31,X,X,"","","",X,100,54,24,500,17,Defense,0,11,18,MagDef,0,11,16,Attack,0,11,1,Will,0,11,0,0,0x16702,91,"Um Gilders Hals getragen. Verstärkt Abwehr und\\nMagie-Resistenz, Angriffskraft und Willen.",0x162b6,85,"Lo usa Gilder. Aumenta Defensa, Resistencia\\na la Magia, poder de Ataque y Voluntad.",0x163bb,93,"Gilder la porte autour du cou. Améliore Défense,\\nRésistance à la Magie, Attaque et Volonté.",0x15e94,85,"Worn around Gilder's neck. Improves Defense,\\nMagic Defense, Attack Power, and Will."
218,0x802c704c,0x1d9d9,17,Valuan Medaillon,0x1d6f4,16,Medallón Valuan,0x1d957,17,Médaillon Valuan,0x1d052,17,Valuan Medallion,0x3f,X,X,X,X,X,X,100,60,57,5000,49,Unconscious,0,-10,17,Defense,0,30,18,MagDef,0,30,-1,None,0,0,0,0,0x1675d,94,"Verzaubertes Medaillon, von den Offizieren der\\nArmada getragen. Neutralisiert Eterni-Zauber.",0x1630b,86,Medallón encantado que llevan los oficiales\\nde la Armada. Anula los hechizos Eterni.,0x16418,87,Médaillon enchanté porté par les officiers de\\nl'Armada. Annule les Sortilèges Eterni.,0x15ee9,76,Enchanted medallion worn by officers in the\\nArmada. Negates Eterni spells.
219,0x802c7060,0x1d9ea,15,Immunitätsring,0x1d704,14,Anillo Inmune,0x1d968,17,Bague d'Immunité,0x1d063,14,Immunity Ring,0x5,"","","",X,"",X,50,50,26,1490,79,Block Neg. States,0,-6,17,Defense,0,21,-1,None,0,0,-1,None,0,0,0,0,0x167bb,71,Heiliger Ring. Verstärkt Abwehr und Resistenz\\ngegen negative Effekte.,0x16361,72,Anillo sagrado. Potencia la Defensa y\\nResistencia a efectos adversos. ,0x1646f,73,Bague sacrée. Améliore la Défense et la\\nRésistance aux effets néfastes.,0x15f35,64,Sacred Ring. Boosts Defense and Resistance to\\nadverse effects.
220,0x802c7070,0x1d9f9,12,Thermo Ring,0x1d712,13,Anillo Termo,0x1d979,13,Bague Thermo,0x1d071,12,Thermo Ring,0x3f,X,X,X,X,X,X,50,58,53,2080,33,Red,0,-5,34,Purple,0,-5,-1,None,0,0,-1,None,0,0,0,0,0x16802,62,"Ring, der Widerstand gegen rote und Purpur-\\nAngriffe erhöht.",0x163a9,66,Anillo que aumenta la Resistencia\\na los Ataques Rojos y Púrpura.,0x164b8,65,Bague qui augmente la résistance aux Attaques\\nRouges et Mauves.,0x15f75,62,A ring that increases resistance to Red and \\nPurple Attacks.
221,0x802c707c,0x1da05,12,Tötungsring,0x1d71f,15,Anillo Verdugo,0x1d986,13,Bague Tueuse,0x1d07d,12,Slayer Ring,0x3f,X,X,X,X,X,X,50,59,50,1010,1,Will,0,8,17,Defense,0,8,19,Hit%,0,10,4,Quick,0,8,0,0,0x16840,74,"Steigert Abwehr, Treffer%, Willen und\\nSchnelligkeit. Herkunft unbekannt.",0x163eb,82,"Aumenta la Defensa, % de Aciertos, Voluntad y\\nRapidez. Es de origen desconocido.",0x164f9,67,"Accroît Défense, Frappe, Volonté et Rapidité.\\nD'origine inconnue.",0x15fb3,67,"Raises Defense, Hit%, Will, and Quick.\\nIts background is unknown."
222,0x802c7088,0x1da11,12,Chancenring,0x1d72e,16,Anillo del Azar,0x1d993,16,Bague de Chance,0x1d089,12,Chance Ring,0x3f,X,X,X,X,X,X,100,32,8,1000,79,Block Neg. States,0,90,17,Defense,0,75,18,MagDef,0,75,-1,None,0,0,0,0,0x1688a,86,"Steigert Abwehr und Magie-Resistenz, setzt den\\nTräger jedoch negativen Effekten aus.",0x1643d,88,"Potencia la Defensa y la Resistencia a la\\nMagia, pero no protege de efectos adversos. ",0x1653c,96,Améliore Défense et Résistance Magique mais rend\\nl'utilisateur vulnérable aux effets néfastes.,0x15ff6,89,"Boosts Defense and Magic Defense, but leaves\\nthe wearer susceptible to adverse effects."
223,0x802c7094,0x1da1d,15,DUMMYACCESARRY,0x1d73e,15,DUMMYACCESARRY,0x1d9a3,15,DUMMYACCESARRY,0x1d095,15,DUMMYACCESARRY,0x0,"","","","","","",0,63,63,0,-1,None,0,0,-1,None,0,0,-1,None,0,0,-1,None,0,0,0,0,0x168e0,9,DUMMY\\n ,0x16495,9,DUMMY\\n ,0x1659c,9,DUMMY\\n ,0x1604f,14,DUMMY\\n------
224,0x802c7094,0x1da2c,15,DUMMYACCESARRY,0x1d74d,15,DUMMYACCESARRY,0x1d9b2,15,DUMMYACCESARRY,0x1d0a4,15,DUMMYACCESARRY,0x0,"","","","","","",0,64,64,0,-1,None,0,0,-1,None,0,0,-1,None,0,0,-1,None,0,0,0,0,0x168e9,9,DUMMY\\n ,0x1649e,9,DUMMY\\n ,0x165a5,9,DUMMY\\n ,0x1605d,14,DUMMY\\n------
225,0x802c7094,0x1da3b,15,DUMMYACCESARRY,0x1d75c,15,DUMMYACCESARRY,0x1d9c1,15,DUMMYACCESARRY,0x1d0b3,15,DUMMYACCESARRY,0x0,"","","","","","",0,65,65,0,-1,None,0,0,-1,None,0,0,-1,None,0,0,-1,None,0,0,0,0,0x168f2,9,DUMMY\\n ,0x164a7,9,DUMMY\\n ,0x165ae,9,DUMMY\\n ,0x1606b,14,DUMMY\\n------
226,0x802c7094,0x1da4a,15,DUMMYACCESARRY,0x1d76b,15,DUMMYACCESARRY,0x1d9d0,15,DUMMYACCESARRY,0x1d0c2,15,DUMMYACCESARRY,0x0,"","","","","","",0,66,66,0,-1,None,0,0,-1,None,0,0,-1,None,0,0,-1,None,0,0,0,0,0x168fb,9,DUMMY\\n ,0x164b0,9,DUMMY\\n ,0x165b7,9,DUMMY\\n ,0x16079,14,DUMMY\\n------
227,0x802c7094,0x1da59,15,DUMMYACCESARRY,0x1d77a,15,DUMMYACCESARRY,0x1d9df,15,DUMMYACCESARRY,0x1d0d1,15,DUMMYACCESARRY,0x0,"","","","","","",0,67,67,0,-1,None,0,0,-1,None,0,0,-1,None,0,0,-1,None,0,0,0,0,0x16904,9,DUMMY\\n ,0x164b9,9,DUMMY\\n ,0x165c0,9,DUMMY\\n ,0x16087,14,DUMMY\\n------
228,0x802c7094,0x1da68,15,DUMMYACCESARRY,0x1d789,15,DUMMYACCESARRY,0x1d9ee,15,DUMMYACCESARRY,0x1d0e0,15,DUMMYACCESARRY,0x0,"","","","","","",0,68,68,0,-1,None,0,0,-1,None,0,0,-1,None,0,0,-1,None,0,0,0,0,0x1690d,9,DUMMY\\n ,0x164c2,9,DUMMY\\n ,0x165c9,9,DUMMY\\n ,0x16095,14,DUMMY\\n------
229,0x802c7094,0x1da77,15,DUMMYACCESARRY,0x1d798,15,DUMMYACCESARRY,0x1d9fd,15,DUMMYACCESARRY,0x1d0ef,15,DUMMYACCESARRY,0x0,"","","","","","",0,69,69,0,-1,None,0,0,-1,None,0,0,-1,None,0,0,-1,None,0,0,0,0,0x16916,9,DUMMY\\n ,0x164cb,9,DUMMY\\n ,0x165d2,9,DUMMY\\n ,0x160a3,14,DUMMY\\n------
230,0x802c7094,0x1da86,15,DUMMYACCESARRY,0x1d7a7,15,DUMMYACCESARRY,0x1da0c,15,DUMMYACCESARRY,0x1d0fe,15,DUMMYACCESARRY,0x0,"","","","","","",0,70,70,0,-1,None,0,0,-1,None,0,0,-1,None,0,0,-1,None,0,0,0,0,0x1691f,9,DUMMY\\n ,0x164d4,9,DUMMY\\n ,0x165db,9,DUMMY\\n ,0x160b1,14,DUMMY\\n------
231,0x802c7094,0x1da95,15,DUMMYACCESARRY,0x1d7b6,15,DUMMYACCESARRY,0x1da1b,15,DUMMYACCESARRY,0x1d10d,15,DUMMYACCESARRY,0x0,"","","","","","",0,71,71,0,-1,None,0,0,-1,None,0,0,-1,None,0,0,-1,None,0,0,0,0,0x16928,9,DUMMY\\n ,0x164dd,9,DUMMY\\n ,0x165e4,9,DUMMY\\n ,0x160bf,14,DUMMY\\n------
232,0x802c7094,0x1daa4,15,DUMMYACCESARRY,0x1d7c5,15,DUMMYACCESARRY,0x1da2a,15,DUMMYACCESARRY,0x1d11c,15,DUMMYACCESARRY,0x0,"","","","","","",0,72,72,0,-1,None,0,0,-1,None,0,0,-1,None,0,0,-1,None,0,0,0,0,0x16931,9,DUMMY\\n ,0x164e6,9,DUMMY\\n ,0x165ed,9,DUMMY\\n ,0x160cd,14,DUMMY\\n------
233,0x802c7094,0x1dab3,15,DUMMYACCESARRY,0x1d7d4,15,DUMMYACCESARRY,0x1da39,15,DUMMYACCESARRY,0x1d12b,15,DUMMYACCESARRY,0x0,"","","","","","",0,73,73,0,-1,None,0,0,-1,None,0,0,-1,None,0,0,-1,None,0,0,0,0,0x1693a,9,DUMMY\\n ,0x164ef,9,DUMMY\\n ,0x165f6,9,DUMMY\\n ,0x160db,14,DUMMY\\n------
234,0x802c7094,0x1dac2,15,DUMMYACCESARRY,0x1d7e3,15,DUMMYACCESARRY,0x1da48,15,DUMMYACCESARRY,0x1d13a,15,DUMMYACCESARRY,0x0,"","","","","","",0,74,74,0,-1,None,0,0,-1,None,0,0,-1,None,0,0,-1,None,0,0,0,0,0x16943,9,DUMMY\\n ,0x164f8,9,DUMMY\\n ,0x165ff,9,DUMMY\\n ,0x160e9,14,DUMMY\\n------
235,0x802c7094,0x1dad1,15,DUMMYACCESARRY,0x1d7f2,15,DUMMYACCESARRY,0x1da57,15,DUMMYACCESARRY,0x1d149,15,DUMMYACCESARRY,0x0,"","","","","","",0,75,75,0,-1,None,0,0,-1,None,0,0,-1,None,0,0,-1,None,0,0,0,0,0x1694c,9,DUMMY\\n ,0x16501,9,DUMMY\\n ,0x16608,9,DUMMY\\n ,0x160f7,14,DUMMY\\n------
236,0x802c7094,0x1dae0,15,DUMMYACCESARRY,0x1d801,15,DUMMYACCESARRY,0x1da66,15,DUMMYACCESARRY,0x1d158,15,DUMMYACCESARRY,0x0,"","","","","","",0,76,76,0,-1,None,0,0,-1,None,0,0,-1,None,0,0,-1,None,0,0,0,0,0x16955,9,DUMMY\\n ,0x1650a,9,DUMMY\\n ,0x16611,9,DUMMY\\n ,0x16105,14,DUMMY\\n------
237,0x802c7094,0x1daef,15,DUMMYACCESARRY,0x1d810,15,DUMMYACCESARRY,0x1da75,15,DUMMYACCESARRY,0x1d167,15,DUMMYACCESARRY,0x0,"","","","","","",0,77,77,0,-1,None,0,0,-1,None,0,0,-1,None,0,0,-1,None,0,0,0,0,0x1695e,9,DUMMY\\n ,0x16513,9,DUMMY\\n ,0x1661a,9,DUMMY\\n ,0x16113,14,DUMMY\\n------
238,0x802c7094,0x1dafe,15,DUMMYACCESARRY,0x1d81f,15,DUMMYACCESARRY,0x1da84,15,DUMMYACCESARRY,0x1d176,15,DUMMYACCESARRY,0x0,"","","","","","",0,78,78,0,-1,None,0,0,-1,None,0,0,-1,None,0,0,-1,None,0,0,0,0,0x16967,9,DUMMY\\n ,0x1651c,9,DUMMY\\n ,0x16623,9,DUMMY\\n ,0x16121,14,DUMMY\\n------
239,0x802c7094,0x1db0d,15,DUMMYACCESARRY,0x1d82e,15,DUMMYACCESARRY,0x1da93,15,DUMMYACCESARRY,0x1d185,15,DUMMYACCESARRY,0x0,"","","","","","",0,79,79,0,-1,None,0,0,-1,None,0,0,-1,None,0,0,-1,None,0,0,0,0,0x16970,9,DUMMY\\n ,0x16525,9,DUMMY\\n ,0x1662c,9,DUMMY\\n ,0x1612f,14,DUMMY\\n------
